750
380
116
949
457
38
775
229
392
834
583
332
807
896
660
854
249
97
279
324
887
782
560
100
539
479
233
18
550
999
179
763
359
774
962
581
652
141
405
144
984
852
566
967
918
38
434
215
832
150
722
483
155
584
298
664
107
646
762
797
608
134
325
532
744
905
531
204
559
571
855
855
375
22
189
448
409
957
788
310
422
512
627
848
202
735
371
787
756
141
852
775
147
300
465
475
317
949
11
729
906
368
700
378
963
530
271
25
469
707
593
683
257
37
786
923
44
950
984
139
159
987
907
22
598
571
986
331
78
616
395
387
486
474
507
96
978
742
957
283
888
519
77
709
915
25
175
335
171
561
580
684
132
628
54
27
485
675
714
157
92
872
580
255
688
49
281
456
402
435
377
901
116
534
890
894
374
146
267
967
703
10
968
515
524
11
639
429
236
706
881
666
16
299
663
543
576
567
185
524
293
22
306
967
696
579
504
519
627
708
476
598
753
277
567
895
123
468
919
651
134
130
683
204
617
479
348
485
132
669
44
119
50
397
586
190
965
482
627
73
920
878
409
904
929
26
256
484
877
185
613
110
427
100
818
123
288
187
293
771
236
72
18
158
446
360
427
384
700
463
873
819
517
540
452
857
652
702
990
363
834
504
901
733
29
749
670
835
282
737
174
464
314
271
954
717
539
287
520
720
459
183
255
693
979
677
944
785
93
458
171
607
676
879
477
66
921
484
695
849
971
85
427
280
595
46
589
423
408
60
926
396
333
721
673
929
923
376
9
640
28
613
157
163
84
302
562
889
490
419
617
858
747
454
77
744
44
4
363
902
64
541
33
354
238
63
541
472
447
712
425
644
892
211
147
226
158
441
217
505
94
537
484
898
832
814
632
620
768
679
927
420
119
945
586
234
562
645
84
78
704
401
645
917
428
717
713
265
466
472
440
842
473
929
342
703
671
670
498
494
553
783
510
539
895
30
53
125
797
75
720
979
213
779
578
825
848
455
892
65
547
174
833
709
982
253
185
787
24
755
138
516
577
509
94
880
665
837
512
443
347
592
175
178
116
965
940
25
602
900
312
947
725
229
336
49
320
794
654
373
895
423
530
429
243
810
109
713
632
541
941
33
30
116
162
209
448
127
355
903
127
469
311
167
112
812
986
11
829
944
950
61
851
891
538
458
872
915
761
879
41
498
39
49
284
295
15
333
952
664
890
218
791
160
456
368
658
263
253
926
425
276
861
981
301
249
289
884
871
865
167
6
887
521
785
899
357
361
985
847
705
495
637
151
256
386
533
484
481
11
294
128
237
643
676
546
862
728
289
829
736
941
778
486
75
947
378
241
290
678
705
678
809
494
189
189
125
524
112
337
23
931
363
30
342
515
563
750
413
233
125
863
155
967
666
412
497
469
109
713
111
12
598
210
848
827
625
36
207
331
648
205
623
820
393
230
224
782
99
566
556
48
144
843
248
93
373
580
487
177
915
458
624
641
453
103
757
65
322
610
709
934
342
176
6
939
311
594
687
243
879
254
984
647
556
952
467
638
693
907
887
390
801
264
294
723
152
573
130
430
978
284
760
139
880
157
654
832
463
412
469
121
527
702
484
726
723
969
360
4
296
914
726
569
661
116
190
996
690
130
751
775
632
548
605
314
158
961
110
700
109
301
588
144
403
381
960
280
612
144
432
8
438
880
613
703
354
603
738
232
164
382
248
910
242
60
806
734
442
246
645
778
487
472
403
771
402
50
355
753
939
428
231
663
106
313
653
266
891
575
455
499
656
197
19
367
22
910
852
868
166
338
684
598
932
483
452
116
999
797
139
19
261
621
741
688
169
822
81
6
211
3
771
208
641
501
26
848
509
446
137
826
784
719
714
393
992
533
424
212
656
810
911
400
454
24
24
725
464
56
957
344
346
697
119
936
400
421
201
927
612
277
820
943
763
589
819
942
242
746
682
996
654
76
561
436
983
634
746
438
828
152
931
148
66
654
256
372
990
852
957
881
752
114
217
272
905
547
236
270
750
490
759
922
829
267
259
387
255
493
127
465
156
811
726
155
167
421
679
439
131
708
394
774
564
960
763
383
684
391
401
421
966
273
946
226
738
293
476
826
595
161
117
765
75
155
728
615
108
345
94
210
724
19
921
340
512
95
245
582
206
38
479
817
884
337
284
454
368
591
928
203
252
64
895
396
403
323
71
733
33
52
225
867
60
497
213
258
766
407
385
247
713
848
724
943
682
955
799
313
960
545
403
449
100
177
517
86
662
325
214
904
864
517
65
553
795
483
81
710
466
695
874
741
961
328
468
787
297
708
864
452
21
703
385
323
235
143
224
807
209
640
199
710
742
693
914
62
16
852
240
618
478
510
759
155
642
729
872
116
421
650
905
172
114
121
517
887
539
647
45
465
244
496
589
771
580
978
979
232
900
672
569
322
774
956
797
265
877
702
393
563
318
278
628
997
52
81
436
158
59
707
963
99
214
112
800
672
5
996
76
562
559
279
774
378
837
225
366
501
671
804
98
119
922
828
257
637
984
80
22
566
563
62
665
503
46
292
195
977
849
997
959
148
330
100
809
989
444
815
551
557
77
444
27
328
182
309
719
277
755
127
513
887
540
412
637
97
935
133
312
186
863
61
455
130
833
355
348
513
481
821
450
616
20
167
474
744
187
166
45
149
190
682
147
246
290
397
514
273
852
223
61
590
383
938
44
139
368
88
476
104
82
993
468
330
422
572
107
402
924
794
726
219
956
965
19
887
159
238
301
265
571
872
440
950
260
717
659
160
913
840
449
19
741
882
777
302
817
646
82
833
523
970
690
535
523
191
237
920
699
676
26
575
841
12
934
995
720
704
186
676
129
25
990
424
210
49
866
252
460
164
183
640
202
597
703
788
854
41
89
481
339
191
302
314
499
599
57
642
479
389
294
804
320
987
282
718
271
138
391
96
540
507
327
307
790
170
589
468
166
589
64
650
348
118
656
889
157
958
704
963
37
33
893
963
332
314
761
559
287
692
145
211
925
809
924
480
926
961
573
518
709
417
819
990
476
60
714
134
192
96
546
111
794
278
855
225
458
629
522
860
389
184
455
770
926
590
188
830
185
889
887
13
720
808
521
421
924
597
601
647
734
19
756
414
194
598
284
534
971
790
326
8
473
577
512
362
703
303
309
354
668
388
42
405
330
55
797
849
987
294
869
507
947
979
410
836
584
851
727
223
401
743
147
149
390
594
952
699
750
629
169
898
368
166
788
595
153
537
546
424
161
504
75
200
205
152
307
799
289
91
856
258
294
923
163
69
557
53
458
993
850
45
726
514
858
804
374
72
561
580
924
569
813
160
788
216
814
378
182
976
254
666
570
710
27
775
54
891
362
997
924
727
640
834
173
626
523
216
642
336
436
506
181
371
219
382
49
275
826
168
217
734
113
896
940
675
347
191
137
240
391
865
914
331
804
457
53
528
319
793
555
457
908
518
362
313
229
486
793
117
76
265
481
986
319
609
242
993
164
490
778
851
936
986
193
580
68
943
185
249
497
767
745
618
721
525
994
499
963
310
271
423
304
164
870
124
869
330
777
294
234
347
347
530
91
491
612
648
920
351
117
833
441
861
174
878
555
617
243
872
912
93
664
585
763
51
862
554
18
24
767
606
971
96
208
591
202
604
532
45
768
491
144
116
656
584
31
60
949
743
505
456
978
837
156
492
815
152
995
977
683
780
397
407
19
953
462
142
903
930
383
168
101
770
283
563
626
860
579
955
441
607
621
800
964
453
982
643
172
50
72
892
204
442
638
743
405
480
137
325
930
566
666
890
171
9
679
734
706
551
281
644
115
145
103
240
882
463
976
958
980
179
5
983
682
73
873
930
656
918
139
292
360
200
820
317
952
23
821
850
506
893
288
124
181
112
833
87
48
152
686
752
608
701
916
464
126
900
895
602
404
288
669
181
978
503
102
227
535
44
848
377
71
866
345
475
161
912
489
105
614
897
52
54
384
676
868
580
626
37
743
842
386
935
901
271
199
494
864
589
530
973
814
693
410
597
407
468
278
905
51
608
954
921
867
462
298
688
683
147
365
890
789
400
405
859
596
565
430
829
761
656
52
636
830
521
25
33
754
560
337
416
794
304
818
708
987
520
403
916
210
2
115
600
708
196
59
501
2
869
930
658
785
170
231
390
755
551
477
15
305
950
76
93
178
537
739
411
141
844
699
805
954
988
916
132
772
375
645
184
377
573
65
563
612
569
157
80
495
320
964
511
452
961
486
853
813
293
312
313
474
378
559
327
99
550
997
33
179
250
823
351
731
689
130
57
715
314
602
323
28
734
262
453
535
118
830
492
519
434
266
183
155
415
209
684
805
839
946
988
396
119
41
815
122
137
105
130
606
982
420
273
804
258
867
263
272
199
514
748
841
963
832
532
140
690
548
641
600
354
834
155
285
326
34
170
436
626
57
371
487
902
715
315
890
772
96
387
935
487
616
823
399
385
570
956
796
29
389
884
415
210
819
4
560
198
935
611
193
43
244
680
877
957
77
2
234
143
337
478
163
472
312
309
407
120
182
482
139
510
791
938
75
450
860
450
170
973
136
530
130
56
175
282
961
508
374
392
795
935
976
817
383
562
385
472
545
15
949
12
885
674
768
583
899
513
49
514
94
595
8
598
961
245
862
652
821
470
180
106
438
419
524
173
570
291
374
666
253
377
665
146
974
105
346
89
105
209
999
923
256
680
313
791
856
715
385
225
150
194
802
142
615
730
404
157
372
756
502
562
534
152
333
507
474
227
21
256
920
555
503
268
660
869
10
536
576
360
137
93
891
719
694
685
977
565
361
819
386
333
552
556
265
243
376
44
493
912
298
58
642
705
95
350
148
449
160
640
304
507
817
590
287
81
246
748
824
449
154
515
464
805
929
68
130
158
510
510
44
941
860
804
247
97
738
66
248
370
911
61
439
550
402
333
416
904
489
213
977
600
304
372
452
388
197
154
709
408
523
804
295
465
971
166
552
876
903
453
725
579
686
336
745
351
123
774
146
606
964
918
765
574
487
357
510
663
648
565
622
924
132
246
727
653
291
177
163
595
47
902
124
78
471
521
75
288
140
953
237
62
699
452
11
853
294
299
810
871
409
600
606
319
84
717
711
103
83
198
650
438
358
825
819
374
874
761
141
118
470
4
505
951
801
681
140
542
573
729
846
461
349
152
698
914
686
643
608
422
812
658
429
913
283
532
580
632
822
429
619
271
879
14
115
695
605
966
201
134
212
168
429
819
206
632
162
435
875
829
649
15
17
847
135
198
554
39
761
734
926
108
407
318
269
384
385
122
891
829
161
362
139
246
783
335
937
949
508
364
472
263
480
604
390
303
333
315
476
329
856
397
894
303
430
667
222
203
631
905
964
224
527
889
763
746
618
845
827
571
645
255
666
259
175
467
205
260
891
47
408
327
248
609
969
645
246
447
824
976
755
462
729
169
801
838
82
92
777
319
224
347
660
306
417
704
148
291
252
389
624
232
459
806
128
443
754
179
963
397
146
840
134
42
596
60
444
993
516
747
800
922
282
613
955
294
342
35
138
312
452
677
370
515
754
159
726
835
751
592
813
478
839
250
696
366
513
433
565
66
572
952
519
366
59
656
643
127
777
787
959
357
638
225
5
399
863
842
219
933
559
668
943
325
865
250
461
182
619
599
715
596
369
143
131
927
330
732
587
93
377
149
794
441
842
963
598
722
768
827
611
778
985
165
86
82
624
755
71
881
125
167
880
187
676
387
598
483
57
333
22
33
472
401
670
407
594
452
877
335
913
9
983
145
611
729
844
764
278
68
790
924
319
505
639
251
965
978
998
584
624
591
704
820
721
384
468
456
926
720
369
597
938
389
617
256
749
140
817
208
845
144
398
828
338
291
456
592
341
734
480
696
203
355
341
132
422
404
641
500
778
285
438
223
475
191
198
83
154
391
407
704
934
348
187
143
696
730
896
349
964
787
722
162
254
333
294
953
625
210
815
409
788
223
986
637
858
588
725
765
76
568
273
735
383
257
970
410
645
330
613
685
858
352
637
509
626
239
210
253
102
831
978
4
900
162
550
999
830
19
109
734
525
242
543
66
912
467
861
165
732
428
192
483
490
732
600
656
448
172
223
147
922
164
887
157
333
617
729
81
499
69
570
681
447
940
464
954
528
517
687
689
677
513
740
112
794
257
703
473
538
685
228
64
786
399
543
124
403
349
64
162
789
435
196
887
49
75
902
655
801
10
665
921
5
668
555
114
757
31
432
255
714
262
236
911
832
944
516
680
271
67
417
676
9
59
655
211
584
431
200
160
659
897
758
324
216
471
225
254
129
39
348
300
363
718
721
706
228
531
143
252
424
702
88
600
821
500
197
122
17
185
552
608
633
668
5
783
995
712
129
547
907
255
439
969
587
347
451
852
621
329
170
714
965
807
554
754
7
759
502
324
640
112
425
373
213
151
98
384
599
229
574
420
197
717
176
950
619
353
684
508
569
37
486
48
398
597
550
766
338
262
806
784
234
392
308
298
104
960
791
356
938
280
133
787
697
379
83
651
974
881
44
502
303
229
697
518
204
472
667
14
171
391
219
673
349
465
289
622
153
991
42
399
17
262
454
86
222
986
233
709
614
707
308
605
478
247
672
816
361
917
29
178
841
953
997
991
546
115
958
69
767
460
529
610
626
324
891
65
856
147
494
574
982
468
233
509
657
484
854
901
675
869
329
53
497
320
974
178
457
908
535
934
525
983
196
39
8
910
728
425
916
560
681
120
985
71
687
406
216
261
519
22
590
72
345
33
512
555
38
607
720
753
522
134
768
289
566
22
386
145
130
850
560
225
916
735
543
556
593
827
979
736
336
25
224
897
682
695
209
186
209
182
722
735
293
538
230
572
126
112
405
387
582
472
303
760
617
591
49
149
194
347
228
365
965
810
816
341
98
56
669
93
334
277
770
744
199
172
981
545
917
242
546
251
575
759
825
238
869
294
396
58
883
608
848
810
812
177
522
360
935
643
762
367
831
931
203
456
809
990
660
261
684
176
204
564
218
711
808
127
243
591
384
924
202
693
931
256
776
70
856
986
210
370
145
90
870
626
841
629
152
667
713
848
639
680
699
561
965
193
493
705
497
183
324
131
339
918
325
695
587
136
51
241
164
951
786
43
114
183
14
257
618
445
934
723
264
183
23
821
35
538
25
259
86
111
841
758
647
641
83
125
640
35
193
250
424
303
828
581
143
456
716
71
418
3
111
317
937
428
424
891
181
250
800
823
454
380
715
704
182
355
908
199
417
94
193
963
912
690
900
362
538
257
960
601
434
611
716
202
805
601
579
782
660
437
782
706
991
636
608
622
660
495
277
330
625
64
988
854
67
584
950
116
257
545
71
406
501
870
701
623
801
760
353
541
610
228
35
667
731
374
433
91
702
234
570
673
878
114
521
496
755
226
112
459
661
581
593
536
704
130
710
509
98
128
780
496
263
216
730
143
458
12
212
682
672
395
714
259
920
326
577
12
134
523
370
336
873
279
841
599
780
956
336
744
643
701
149
345
241
597
595
861
130
358
284
289
981
552
422
167
74
380
483
132
932
83
97
767
651
938
57
943
602
877
768
52
823
901
913
126
196
42
689
388
261
796
15
32
355
84
732
70
656
948
18
264
294
90
249
954
878
483
512
364
564
406
302
283
440
38
420
13
50
698
277
881
263
415
301
207
770
318
556
597
513
213
988
76
167
637
473
705
871
860
994
193
549
200
906
653
529
571
655
100
365
217
200
94
928
386
820
988
217
662
374
517
474
651
375
332
773
2
88
206
755
158
365
510
989
445
805
509
226
595
181
569
632
711
110
646
251
696
437
551
246
107
517
449
546
932
325
94
528
828
20
796
388
264
550
557
788
708
89
12
246
242
559
185
726
11
29
869
284
194
6
292
96
513
755
626
374
265
867
353
276
44
737
71
810
24
423
491
307
929
974
821
401
631
861
327
754
207
107
347
463
948
397
103
43
96
168
368
928
136
343
236
674
511
846
287
93
84
280
648
986
947
529
636
608
204
974
845
869
952
742
319
482
234
696
152
240
648
407
288
723
613
104
692
873
670
370
318
838
155
185
341
626
529
968
714
723
171
691
728
839
496
781
441
313
593
584
637
457
232
886
829
957
536
116
655
76
215
85
273
986
787
811
500
568
614
517
722
601
954
415
458
702
923
100
112
608
28
553
660
414
248
696
870
199
567
299
936
526
104
313
923
117
79
891
760
19
774
981
553
759
662
981
779
547
908
595
211
728
617
337
60
152
38
199
75
27
18
588
709
842
812
894
852
99
386
60
363
812
465
524
365
27
220
90
306
739
988
125
811
314
270
299
73
409
709
386
90
255
877
272
734
702
998
835
383
359
747
185
786
586
125
895
508
920
490
27
764
268
592
333
237
728
819
74
28
525
845
382
964
185
206
644
242
214
625
464
90
389
637
751
593
832
635
948
150
501
538
139
422
534
534
563
598
781
380
497
784
48
124
628
856
174
357
77
317
830
329
816
935
770
48
605
672
900
145
255
977
57
831
54
86
154
197
212
303
788
376
267
637
149
628
678
89
814
433
199
719
225
595
514
801
623
623
683
546
389
359
36
328
869
158
186
73
0
920
879
632
932
720
77
45
81
184
422
224
6
598
647
777
856
61
359
393
954
197
782
645
810
205
339
144
628
684
223
40
721
952
355
1
191
286
39
178
411
537
35
728
208
257
961
37
462
996
317
311
555
667
117
442
531
147
475
927
360
638
614
311
30
165
84
442
319
959
955
883
850
303
206
393
511
924
711
182
247
25
416
893
850
801
181
834
351
763
372
682
626
938
527
241
136
929
620
819
504
525
765
293
466
155
935
595
170
165
384
511
104
465
817
876
244
638
54
902
195
355
353
74
611
627
481
32
823
603
892
775
672
107
544
420
852
697
151
641
530
879
721
354
217
545
302
738
476
579
914
260
514
103
634
498
473
857
603
683
55
14
594
395
688
3
290
38
610
181
801
895
735
865
866
466
623
860
279
156
500
177
468
348
886
548
401
79
935
364
185
739
550
653
868
36
876
463
447
757
908
669
617
152
364
938
233
348
135
252
866
526
896
11
587
568
683
993
136
365
311
454
452
304
267
229
690
734
438
281
697
699
43
750
527
695
578
650
444
549
191
291
204
633
674
464
907
535
501
496
724
770
22
799
971
420
648
441
528
575
315
686
226
348
153
971
902
624
466
4
694
447
990
269
438
67
79
471
96
567
959
444
325
81
338
43
640
576
625
132
664
290
389
652
216
486
515
665
46
123
258
367
257
735
867
941
664
290
717
797
528
383
0
182
669
612
465
941
568
484
389
127
981
496
799
403
188
355
756
104
82
229
337
881
274
116
692
211
391
386
237
12
951
745
242
906
561
190
293
260
899
830
362
105
395
297
610
442
961
232
359
988
966
244
159
890
197
405
45
943
625
702
370
66
170
956
130
311
679
268
501
899
748
571
999
631
394
873
516
111
247
392
586
132
656
517
970
702
935
931
513
823
176
274
792
474
563
572
472
908
572
551
554
17
52
933
36
361
584
574
823
489
900
401
299
43
399
443
150
938
340
175
758
11
443
925
879
481
449
232
171
424
519
864
569
248
50
15
453
585
316
469
845
828
673
578
722
619
988
87
448
998
995
369
323
121
623
693
659
134
643
762
587
835
349
839
241
840
671
622
660
145
463
332
742
399
414
988
163
674
83
150
661
794
437
735
373
859
3
819
37
844
27
495
27
82
985
593
769
290
32
595
213
874
813
850
946
612
469
389
494
998
124
251
513
175
631
135
736
490
905
110
474
109
123
972
610
960
638
276
155
856
375
718
868
142
96
147
183
626
289
285
381
645
569
170
366
533
6
401
681
191
751
53
903
972
89
919
566
770
75
345
984
255
956
472
220
354
595
560
921
992
979
128
899
897
277
702
470
99
426
918
305
97
644
101
164
845
373
24
151
612
113
909
742
789
289
601
897
125
75
786
49
599
755
794
333
136
229
935
468
56
535
824
518
276
951
369
564
98
125
742
212
328
292
644
720
956
372
587
517
336
177
205
451
482
935
355
496
34
742
987
362
751
183
477
883
53
697
935
490
307
230
556
806
583
930
787
360
461
831
505
465
705
618
770
200
947
597
834
759
525
898
550
479
727
702
286
209
528
722
671
69
952
808
527
694
801
250
632
169
824
109
258
235
481
7
879
810
578
355
515
23
861
991
504
380
334
431
303
102
573
839
454
771
92
880
648
133
601
988
881
187
214
386
365
462
281
264
960
314
650
817
559
506
48
964
331
672
764
646
97
370
895
248
24
440
133
958
395
849
749
103
797
675
831
491
407
16
308
713
408
828
713
749
426
262
624
367
374
772
139
440
405
321
225
366
892
891
91
331
636
791
636
170
699
644
613
565
842
165
309
230
785
89
266
402
804
810
588
102
306
972
650
590
750
332
584
10
898
680
11
322
985
186
968
969
301
579
477
851
105
658
695
946
631
866
199
159
528
500
832
128
407
127
120
850
247
196
431
89
391
879
79
562
191
807
300
267
727
155
526
266
138
893
36
65
475
71
701
754
111
954
892
735
506
58
700
235
966
511
500
722
208
314
794
151
789
148
369
628
897
503
633
665
527
849
470
718
771
558
940
424
466
900
274
539
405
275
105
469
883
187
278
465
476
138
801
158
844
870
563
819
998
912
862
462
230
359
16
165
751
69
481
854
85
251
937
876
35
563
237
141
474
2
778
644
971
703
849
20
17
668
427
705
248
227
109
61
90
273
656
617
999
215
936
982
45
458
952
843
687
568
167
787
689
707
795
953
763
973
664
877
778
772
663
26
449
619
241
932
541
210
36
848
728
59
169
648
296
568
111
348
449
549
391
579
823
440
173
777
946
969
280
454
245
521
854
307
79
568
423
684
262
320
328
433
245
909
780
209
418
696
464
442
524
92
238
309
108
231
926
54
351
561
101
824
418
87
200
63
28
801
827
219
786
179
667
631
842
309
808
225
993
814
421
615
798
438
451
22
256
216
986
631
10
672
279
756
927
477
996
358
584
543
250
727
536
623
909
269
299
876
629
470
479
943
484
949
491
13
757
664
410
47
883
259
618
181
260
104
80
149
308
835
372
239
401
559
335
14
216
385
323
297
91
532
37
812
320
613
24
521
899
510
896
556
306
682
765
625
756
172
857
92
564
687
756
633
154
397
140
490
74
460
144
945
404
48
106
997
258
905
681
701
672
45
94
413
232
830
955
374
337
438
933
882
874
388
552
728
405
57
395
295
500
437
386
547
754
643
360
63
582
422
263
52
754
238
476
790
644
64
483
747
56
392
134
462
800
722
279
413
634
993
991
783
164
364
316
799
15
391
93
90
739
298
881
110
663
787
643
239
873
14
447
930
45
804
562
602
486
199
416
814
834
862
580
6
188
107
706
756
3
778
668
250
99
405
252
276
423
81
722
45
968
255
939
353
303
407
405
982
6
549
847
150
757
147
886
798
326
520
953
23
868
943
233
865
523
863
537
410
468
564
759
781
838
367
960
228
580
591
102
468
825
132
560
713
253
625
965
934
215
293
765
335
294
149
208
168
518
53
929
469
861
34
11
194
587
455
399
501
106
52
665
576
576
351
714
50
438
760
26
885
822
952
851
338
155
391
123
672
340
870
48
1
264
544
873
936
544
500
785
61
801
417
314
475
943
527
787
953
559
25
582
444
657
693
704
394
271
953
273
978
177
576
29
732
59
772
305
409
941
271
827
114
765
631
981
789
140
57
460
731
41
896
532
33
4
566
9
608
505
414
655
752
698
745
482
497
906
277
171
566
502
130
805
807
12
600
241
405
230
43
464
477
371
257
55
16
200
340
618
836
855
60
497
183
427
730
84
345
787
822
801
713
331
151
706
568
624
774
505
430
666
977
5
507
230
811
230
252
471
454
515
373
892
302
488
267
589
278
16
159
876
827
326
791
451
700
827
969
120
137
65
176
425
110
222
673
92
274
610
788
561
357
803
434
472
878
8
47
37
553
544
110
299
852
478
76
709
74
213
389
7
195
172
2
208
377
347
698
73
306
688
266
895
954
904
159
706
414
156
288
897
494
520
416
845
0
849
911
324
427
851
258
806
738
128
129
73
813
855
728
483
352
179
143
618
158
303
345
195
492
878
502
950
258
649
562
126
574
626
228
207
457
725
960
232
59
208
696
598
826
452
792
588
614
438
914
329
479
133
369
0
721
944
503
942
149
81
966
293
800
935
954
107
194
925
494
72
929
967
499
663
37
717
430
482
856
112
224
614
193
335
260
402
728
318
26
967
210
885
235
585
810
661
763
471
975
738
892
72
675
424
330
298
664
409
426
87
211
587
678
541
258
646
221
187
704
191
172
215
989
612
682
700
153
260
177
966
963
133
2
783
448
912
856
673
22
695
252
331
646
96
483
491
958
947
267
341
288
946
947
149
994
304
678
973
177
122
352
3
544
554
782
348
977
129
711
371
685
594
676
549
306
856
202
488
872
930
156
656
433
594
701
868
456
570
981
538
872
414
439
181
372
49
385
931
125
391
530
3
359
754
929
726
302
757
84
428
802
338
711
671
514
305
669
354
369
241
310
649
874
54
401
984
448
146
294
394
348
651
663
958
365
781
386
974
345
162
508
114
154
545
55
764
388
495
395
824
267
639
126
252
463
852
585
926
856
631
626
382
323
74
319
353
184
384
716
494
545
873
974
741
203
989
632
117
709
641
614
35
543
905
382
843
137
127
781
506
765
563
255
740
125
270
164
441
157
621
351
323
43
69
608
991
732
806
602
379
698
75
530
944
899
51
59
227
571
984
33
697
373
184
256
422
618
544
808
454
603
882
875
139
732
275
378
170
842
559
67
627
325
348
849
191
622
172
16
795
205
701
693
959
396
877
494
136
41
227
357
714
338
275
418
366
102
714
609
541
281
739
772
194
965
654
32
977
334
259
528
428
166
44
906
931
722
181
800
741
239
323
295
887
145
77
697
756
816
590
951
598
96
205
124
142
342
643
775
380
127
69
418
294
604
84
247
505
171
804
491
289
372
265
930
519
595
447
948
358
656
482
736
161
312
792
560
107
382
513
934
799
242
737
456
631
832
198
674
364
221
43
840
339
876
342
290
917
126
102
155
164
989
517
694
100
596
901
127
159
821
988
289
649
326
819
660
740
463
628
105
110
99
988
83
651
438
27
871
362
7
227
811
372
25
50
781
217
11
442
826
587
242
537
561
173
302
417
262
672
661
44
481
15
462
496
37
118
429
828
842
853
339
220
417
169
700
48
682
80
386
87
654
598
246
156
111
971
502
333
627
306
974
14
919
273
147
501
409
586
987
171
625
260
893
29
139
135
798
227
798
961
181
12
617
213
713
633
495
177
346
288
314
575
790
262
579
614
374
660
666
486
263
383
163
232
278
602
500
27
271
573
497
331
27
422
985
305
73
309
750
505
852
134
251
325
986
742
972
295
892
70
239
897
77
856
417
390
797
42
714
831
387
368
867
669
840
128
8
884
652
938
913
276
519
411
924
296
712
518
119
138
886
14
15
522
649
691
402
642
580
353
643
786
786
656
325
481
588
21
913
407
683
374
420
725
195
81
807
548
756
200
449
808
295
178
31
969
377
576
603
110
522
226
608
36
621
261
846
890
153
770
940
307
469
922
828
564
790
147
314
800
286
905
813
427
671
412
31
705
712
190
465
299
185
823
741
654
902
744
457
251
737
73
492
145
782
166
827
937
651
986
617
907
936
508
392
355
104
325
218
840
739
997
732
808
788
799
505
405
146
904
884
684
915
257
627
669
964
246
463
552
217
82
777
478
871
307
449
69
853
552
321
746
883
632
299
671
940
947
301
460
907
318
740
403
621
866
62
426
231
638
487
253
530
41
761
160
369
545
71
848
449
740
645
397
321
904
623
872
967
204
483
640
713
169
389
734
125
373
554
331
909
416
411
679
36
932
933
110
622
869
650
734
148
635
706
291
283
730
486
486
621
179
672
653
418
95
639
331
72
105
756
500
251
488
855
761
822
111
974
798
172
266
580
996
367
158
870
597
697
895
287
720
286
86
230
652
113
346
140
877
603
712
724
697
395
855
757
793
841
255
128
708
917
885
786
824
494
139
407
209
840
265
165
547
827
148
775
758
427
612
246
861
975
744
623
146
96
859
766
576
672
726
679
483
973
291
868
527
165
830
570
705
3
351
842
125
878
244
279
144
98
175
437
331
678
614
90
968
852
610
453
433
166
370
644
732
344
602
84
785
898
132
445
123
195
432
514
990
270
503
852
637
540
230
239
368
474
93
338
979
323
451
552
975
129
466
199
859
34
569
539
540
545
470
227
202
781
674
481
937
914
72
474
66
549
282
970
643
780
652
582
521
818
19
531
823
87
966
0
819
994
45
271
652
61
368
565
534
104
239
836
553
833
627
926
890
452
562
589
807
665
292
524
68
863
410
123
520
346
153
482
74
688
891
33
37
865
690
555
514
114
190
754
24
730
594
571
696
965
182
173
464
7
456
247
167
837
275
237
33
162
853
836
597
553
974
12
990
990
806
240
672
520
653
765
659
852
864
259
489
316
342
267
58
748
695
364
595
312
409
563
32
526
843
595
611
82
973
786
723
453
921
163
457
289
498
577
562
507
791
259
679
329
544
235
150
110
892
627
241
786
322
987
740
318
749
132
302
752
20
129
400
979
693
687
661
607
791
217
662
260
861
737
944
420
585
153
377
349
478
816
588
666
860
436
810
760
793
146
306
507
238
419
520
891
283
617
946
173
992
178
765
445
294
780
780
40
806
341
92
483
202
543
922
905
821
766
789
650
435
22
7
610
851
43
472
765
838
32
131
266
69
199
777
971
878
525
780
133
84
463
461
333
614
868
372
892
1
78
786
258
470
78
138
640
445
100
773
596
729
837
661
664
466
272
816
512
629
179
741
299
408
495
239
203
248
511
472
770
836
668
537
871
480
820
837
497
732
13
903
877
995
465
214
414
753
568
6
782
575
503
819
843
27
604
445
57
347
699
201
931
942
675
649
411
576
279
966
832
984
545
858
722
561
842
930
744
934
75
846
636
750
192
584
113
904
973
631
438
106
444
230
886
729
156
373
126
270
720
203
713
974
564
930
740
209
324
58
208
95
41
9
138
382
491
24
183
410
46
808
203
116
214
645
575
901
376
867
158
997
977
873
703
168
848
881
294
974
684
529
966
473
531
40
442
837
919
159
909
514
289
255
19
216
929
619
862
833
585
749
447
407
483
827
864
574
471
328
116
47
198
43
929
796
697
573
357
676
168
10
334
111
382
648
560
627
303
446
471
305
661
114
67
646
385
678
453
573
730
33
338
305
934
770
745
844
518
473
686
534
812
593
783
970
535
807
877
221
181
775
468
832
624
526
926
138
555
343
928
120
79
798
936
380
680
157
93
47
10
831
397
19
933
259
643
707
754
377
5
226
413
462
326
436
276
961
888
636
536
997
577
828
633
83
466
538
7
869
734
600
355
959
242
591
730
112
37
873
571
896
26
35
807
593
332
703
408
612
973
781
783
378
547
275
610
501
477
722
867
572
424
944
160
712
514
60
623
441
998
536
674
36
760
980
829
113
394
151
484
935
388
699
793
834
525
242
252
973
875
867
201
793
541
378
148
742
993
794
456
745
367
158
879
923
456
824
652
74
721
317
422
881
993
826
916
141
861
446
807
414
638
357
596
507
592
698
732
315
116
647
964
54
827
265
607
990
472
649
333
915
928
393
59
993
544
866
211
710
720
967
221
465
689
850
705
638
899
181
870
476
705
560
328
368
853
14
247
522
239
379
624
255
598
624
981
291
86
266
652
97
463
886
240
884
40
793
44
68
56
98
78
627
715
610
751
670
297
837
942
232
661
326
728
254
528
252
125
958
820
440
334
435
798
274
710
277
833
891
341
435
779
75
783
747
45
605
127
943
673
394
625
691
526
363
895
360
812
153
167
699
26
650
603
313
128
235
75
143
643
439
892
804
457
333
29
914
738
262
785
421
991
321
776
837
253
903
800
646
617
682
624
745
796
478
975
130
264
160
502
313
210
224
777
213
82
867
580
825
390
663
819
555
347
35
926
311
677
188
938
532
229
361
590
741
850
841
746
830
891
366
872
64
884
839
187
540
64
771
431
857
747
828
531
861
512
632
174
221
883
358
79
572
84
474
916
641
688
606
90
715
491
332
638
706
924
58
367
268
53
353
632
465
656
876
832
182
808
479
42
829
431
794
66
984
651
718
128
772
182
662
503
351
128
51
632
264
467
259
544
62
128
495
576
308
120
147
157
993
353
963
999
317
480
305
140
907
344
370
723
145
100
990
754
584
186
669
611
289
230
692
673
518
756
72
659
815
716
983
521
594
481
498
428
103
229
970
685
731
466
4
917
179
213
530
570
958
635
70
2
895
440
559
310
862
191
594
204
169
525
966
20
61
967
216
561
722
183
605
766
197
10
51
261
654
837
988
834
384
779
449
498
378
184
52
752
256
332
495
121
317
153
75
727
786
165
332
133
56
986
460
209
548
662
788
137
842
352
225
480
324
302
480
36
175
277
242
564
972
135
810
307
261
872
303
415
689
938
389
640
673
290
324
465
572
74
335
184
267
327
536
410
469
642
213
310
437
260
192
953
897
167
357
341
521
18
50
683
672
126
470
729
44
569
753
332
654
669
62
578
757
696
743
277
703
175
823
667
37
19
436
848
169
674
557
240
413
413
663
96
9
271
585
202
697
389
671
19
729
166
732
842
853
416
924
138
846
392
641
699
502
901
64
356
413
786
237
865
226
254
93
525
167
427
227
919
549
103
348
777
625
899
143
529
117
510
933
476
424
592
287
444
820
892
550
199
769
293
934
960
645
651
280
201
982
105
486
110
316
438
739
958
117
239
173
751
383
398
708
559
515
137
460
191
100
276
729
428
371
563
673
222
429
426
36
880
799
386
286
960
725
201
747
753
536
752
914
864
860
878
274
246
343
122
786
943
728
700
626
965
10
56
508
364
515
768
368
13
432
439
961
583
632
466
150
715
722
549
764
153
782
807
478
982
66
881
229
860
747
982
476
636
30
560
992
900
403
960
647
235
618
580
696
282
33
941
68
942
378
466
590
630
537
106
656
243
195
439
553
407
91
46
31
134
63
59
150
198
129
220
54
667
147
851
597
52
671
622
766
827
192
514
193
611
947
45
927
460
893
372
988
127
74
72
129
672
108
382
6
33
160
771
907
993
425
654
816
795
727
321
671
472
153
10
732
300
545
296
316
915
794
899
913
57
74
512
315
113
936
808
551
684
901
120
587
562
398
902
875
557
544
522
533
437
616
32
241
683
658
94
378
627
377
536
76
238
868
669
543
926
912
7
895
169
43
362
453
876
918
651
319
133
44
676
854
652
4
159
958
815
449
67
572
219
253
857
188
663
509
783
7
520
237
616
320
686
617
916
608
703
635
669
298
476
92
790
782
846
633
707
199
828
852
710
121
578
565
283
241
669
23
572
120
88
160
34
875
249
568
80
564
411
824
810
89
469
879
199
653
345
229
766
54
891
244
554
486
768
217
566
773
972
50
626
540
88
806
815
930
40
698
466
481
135
682
995
294
617
992
178
862
300
284
822
819
431
526
748
137
340
639
372
304
679
542
508
366
354
527
809
151
395
398
118
2
864
577
447
877
177
588
858
346
841
553
189
621
115
64
898
973
100
413
592
58
998
935
750
0
961
971
942
97
39
417
373
892
164
715
420
314
75
6
206
579
169
129
255
124
541
296
253
527
198
590
643
802
868
22
188
343
739
777
571
72
649
545
32
456
873
415
388
320
477
873
992
508
256
756
747
951
826
31
892
876
443
686
731
679
830
834
533
239
294
987
749
896
813
780
312
881
880
255
333
757
687
578
942
421
479
23
592
15
903
918
908
83
565
208
887
96
141
994
444
353
69
873
671
432
554
583
672
235
562
580
446
796
317
385
737
812
663
272
344
471
736
400
742
310
437
763
808
719
854
385
742
185
98
934
373
879
492
98
647
689
172
716
294
629
418
870
627
495
176
270
707
444
288
14
110
792
254
443
564
69
153
359
405
821
980
266
268
717
182
730
181
410
231
615
16
514
865
892
2
829
903
809
235
599
685
322
626
627
585
666
21
657
678
737
834
296
423
571
174
565
51
769
472
79
174
371
602
383
494
332
122
179
323
995
37
125
247
541
934
937
940
212
841
861
471
254
457
660
984
191
489
621
681
49
953
803
435
551
144
561
475
98
118
556
661
26
712
245
198
828
601
460
862
687
933
964
135
464
621
86
133
313
325
94
146
193
183
664
254
947
309
370
990
135
534
65
910
655
542
46
503
953
891
27
680
687
851
113
529
45
722
363
906
316
129
76
657
743
206
122
504
52
922
837
528
522
194
335
49
565
774
749
410
727
869
489
993
775
301
652
828
993
783
640
181
774
666
650
430
596
563
434
646
603
12
189
33
657
628
693
822
215
349
898
651
718
908
660
107
739
668
847
788
724
27
304
240
882
755
992
567
616
238
648
485
172
439
295
744
319
891
653
717
77
27
705
851
983
634
592
589
64
786
81
940
908
958
917
788
80
101
403
588
116
475
261
604
753
314
239
504
25
930
43
767
34
598
859
858
731
503
214
620
260
81
844
640
239
111
825
720
283
908
530
927
390
269
516
857
405
317
560
229
628
983
322
6
396
695
657
540
805
465
653
164
294
789
346
673
210
605
222
23
766
487
13
302
115
551
811
881
237
791
337
982
789
238
916
475
822
760
527
870
32
182
411
560
941
157
864
537
848
381
960
422
258
709
348
967
471
792
283
713
311
365
948
214
420
500
863
694
467
328
643
654
692
553
736
297
414
162
140
69
442
633
243
961
637
328
60
904
113
928
681
413
892
56
315
68
914
560
101
901
217
792
186
69
45
535
863
333
293
649
812
339
323
952
368
925
0
402
777
601
92
2
104
747
808
663
470
50
508
804
492
44
581
555
442
322
630
158
337
84
563
637
387
425
909
808
857
558
164
556
847
864
936
575
852
314
909
365
683
978
947
311
660
819
839
526
640
373
67
974
864
453
862
305
646
334
94
151
77
559
23
320
849
113
480
539
635
89
133
558
361
172
179
860
527
697
930
782
927
693
557
167
229
762
577
411
853
286
810
624
454
886
206
180
358
536
480
526
634
573
980
637
278
749
792
517
554
469
479
506
687
600
424
205
790
259
291
725
32
886
349
417
638
371
303
725
649
949
990
239
394
997
212
226
105
482
896
432
952
435
925
823
784
326
66
617
486
978
757
752
818
560
257
97
321
816
642
342
212
588
378
415
830
283
17
394
204
291
58
2
847
760
269
342
310
323
606
557
562
33
402
597
435
832
625
358
739
515
723
325
980
320
537
704
50
784
539
657
420
388
490
144
51
22
236
157
300
192
623
948
173
111
512
397
557
654
185
179
682
389
636
884
117
363
397
351
177
81
512
500
301
734
111
385
231
57
94
82
511
478
497
772
16
428
44
698
855
589
980
342
590
770
681
921
570
341
50
315
10
216
198
517
259
725
77
552
867
438
811
160
819
472
747
457
960
437
439
791
567
689
657
286
53
752
400
581
550
783
91
650
800
737
493
839
846
908
802
804
400
979
798
433
829
819
258
374
91
445
334
460
910
784
580
666
371
639
260
375
596
667
275
11
741
317
602
275
15
491
137
897
191
654
535
354
462
85
273
871
873
934
164
295
232
680
800
164
117
414
268
477
975
739
273
28
322
764
343
229
369
738
25
416
432
367
250
286
806
72
726
207
508
71
824
703
557
199
317
428
750
69
986
905
412
404
533
305
389
610
997
664
796
863
65
362
415
735
451
314
603
194
760
650
380
522
610
405
781
400
52
800
362
851
210
845
978
352
401
220
886
627
345
250
359
955
372
609
232
197
550
62
566
987
734
847
371
231
839
397
346
482
925
566
776
813
973
414
549
302
171
958
470
748
578
716
208
540
373
333
115
353
13
885
669
556
290
459
831
496
915
467
376
708
666
859
588
606
559
379
409
103
55
480
390
61
408
275
430
757
744
364
267
367
901
931
489
96
724
443
88
480
316
714
939
205
341
268
841
761
683
41
88
310
420
982
769
796
414
563
321
713
431
738
569
690
526
787
485
435
860
757
64
271
945
521
339
920
915
762
244
154
727
951
778
620
150
984
78
735
855
252
211
109
7
671
277
584
140
669
230
253
250
907
866
11
752
866
387
278
260
11
675
153
372
588
849
47
130
189
253
820
829
792
977
925
679
534
956
800
20
579
788
73
713
501
416
507
990
165
483
421
345
698
717
901
124
866
809
143
641
156
475
182
594
380
751
479
773
704
372
70
252
833
924
576
555
353
429
528
431
347
973
430
835
910
668
595
815
283
380
830
253
383
236
996
673
648
450
965
447
71
651
351
414
343
700
253
38
775
835
967
468
127
444
925
189
927
501
972
338
799
81
603
657
492
764
406
846
434
537
648
131
856
151
310
786
902
334
949
405
555
392
741
273
545
734
601
912
372
216
125
787
265
274
994
118
121
818
458
40
454
103
400
668
175
616
522
685
414
346
998
692
928
563
175
564
687
497
644
682
448
755
358
412
62
330
180
778
322
417
199
509
476
327
119
620
565
833
824
112
146
501
98
861
197
205
730
792
998
532
285
675
626
361
498
136
596
210
111
524
257
116
836
579
276
993
293
970
894
540
106
829
468
382
80
729
167
983
930
590
855
105
883
622
475
208
780
731
637
706
97
420
161
942
299
186
317
291
247
977
90
563
766
256
25
297
575
953
481
495
641
492
238
240
228
921
281
456
132
202
464
777
335
376
70
867
389
829
164
461
978
478
413
371
169
182
746
677
488
260
938
207
809
405
343
169
611
356
48
175
544
331
6
924
270
427
59
958
345
928
842
511
941
317
408
364
168
820
520
719
87
443
619
283
150
382
173
396
17
436
0
184
15
385
997
665
636
832
7
719
217
243
737
567
572
129
77
932
197
566
381
403
230
26
41
109
882
944
876
276
715
979
295
170
733
470
766
937
575
230
573
527
656
250
545
729
721
504
857
882
300
800
173
409
615
571
213
175
148
567
391
340
635
958
959
990
217
946
569
331
1
694
285
507
169
524
489
569
782
297
274
181
796
307
384
650
630
325
469
395
363
232
231
92
715
988
466
514
969
988
883
145
949
256
571
450
724
777
226
748
518
837
880
117
448
588
206
816
178
18
573
186
546
710
667
757
219
889
392
738
930
908
189
67
489
349
641
899
973
245
862
712
778
103
976
977
466
241
233
633
70
70
910
760
783
628
790
717
940
783
737
373
92
537
898
520
721
848
386
927
217
728
225
500
978
522
658
399
839
281
571
66
136
413
313
192
80
949
543
15
967
905
837
27
775
626
407
142
718
440
252
575
173
966
321
307
113
447
578
155
916
815
52
150
646
655
439
545
106
541
708
406
654
532
335
572
128
892
691
192
986
65
888
995
90
401
921
232
267
362
475
853
934
858
996
723
450
544
287
172
540
306
178
883
331
643
136
45
198
876
315
958
570
586
840
438
902
130
501
892
996
634
806
438
92
154
786
363
267
963
82
183
948
555
464
983
535
104
720
612
76
696
486
483
63
865
964
289
295
109
769
309
671
220
409
213
676
935
65
693
416
422
741
250
476
557
508
373
723
645
791
27
80
389
713
920
234
532
242
42
740
442
740
899
527
772
354
546
386
614
760
72
313
73
987
845
767
436
848
242
124
630
32
50
721
636
425
846
724
523
663
129
169
166
932
847
890
1
553
805
338
561
110
391
53
81
436
187
386
485
421
808
403
493
60
908
417
802
326
379
640
937
948
15
333
270
188
311
809
414
379
448
614
185
648
573
35
387
982
814
216
496
747
10
113
754
371
811
625
66
177
180
254
764
511
379
695
620
658
598
373
608
787
751
736
624
450
414
927
894
925
232
105
105
200
124
130
134
549
535
57
72
27
145
357
931
964
186
56
873
727
522
596
226
898
385
934
53
793
13
220
642
247
697
463
117
63
884
144
613
223
224
364
210
276
992
245
541
823
169
293
136
801
209
915
995
566
550
843
636
267
613
320
165
711
666
395
464
726
351
193
151
896
429
335
779
175
649
152
4
823
746
319
834
853
487
37
777
119
88
344
121
509
185
826
118
740
829
935
347
784
601
53
538
610
757
952
508
416
912
437
462
552
16
832
483
298
677
506
902
707
95
600
127
274
638
132
100
814
943
135
689
483
254
158
65
476
474
402
447
796
619
874
11
763
888
890
361
754
486
227
662
353
565
408
551
79
363
422
359
468
580
907
831
709
687
692
756
563
76
532
567
878
986
660
605
196
413
612
596
979
172
970
299
122
344
586
198
295
942
186
1
188
677
795
33
849
882
8
451
95
522
343
703
427
963
780
915
672
510
416
296
598
587
681
391
500
461
88
251
113
870
541
927
150
127
942
567
913
443
758
316
793
524
524
452
52
72
274
114
112
311
177
405
200
766
897
566
743
586
643
987
741
698
449
217
533
875
694
46
479
17
186
879
410
573
713
351
32
745
351
812
204
898
540
118
231
448
234
216
720
987
617
729
302
142
294
850
794
197
1
898
982
167
496
764
694
636
754
225
340
892
218
915
471
281
576
661
58
953
635
561
611
573
236
443
211
843
776
403
261
787
307
39
87
403
823
706
758
410
603
882
843
606
506
208
225
425
195
938
345
160
976
430
538
864
652
267
518
411
257
739
456
500
178
69
865
331
944
422
251
142
17
86
744
402
339
102
357
988
361
387
684
184
809
375
18
287
876
47
975
802
260
547
297
161
662
16
378
465
408
502
413
892
79
387
53
597
161
517
496
619
112
861
777
663
59
22
941
634
48
700
329
485
931
607
90
291
825
853
668
446
382
161
865
364
282
889
858
391
718
491
1
438
177
486
232
788
888
634
249
908
99
908
970
899
183
864
799
169
319
23
845
796
952
879
496
990
347
508
70
228
874
45
178
858
11
596
260
691
946
867
637
511
75
200
338
408
571
719
218
646
594
103
423
26
687
529
988
299
171
681
77
757
303
645
689
686
437
862
941
445
950
308
883
212
556
58
786
459
861
116
581
268
696
89
240
298
306
55
444
23
799
801
71
961
502
758
955
273
998
535
562
573
636
280
352
95
80
992
436
694
299
303
963
191
473
121
605
864
833
741
838
98
594
284
166
92
395
788
428
146
33
682
989
503
620
77
975
167
891
414
555
433
966
359
738
17
495
323
914
800
9
561
531
773
793
508
587
443
801
770
277
725
550
686
41
156
836
475
252
140
292
959
329
590
711
832
377
606
568
718
279
969
621
246
52
353
254
265
0
240
652
812
130
54
926
231
689
868
358
273
52
689
900
630
277
685
340
195
440
355
434
624
998
440
229
248
842
738
396
101
461
175
770
845
485
301
634
629
83
479
223
837
792
809
647
438
735
686
54
6
935
456
474
868
346
657
920
731
427
99
264
541
970
861
910
988
203
541
470
53
964
670
323
726
784
758
519
417
155
164
634
45
493
654
622
310
91
257
837
765
840
346
891
143
313
70
913
730
665
970
37
11
47
320
101
778
146
564
107
199
418
217
498
458
731
918
749
38
640
114
616
430
9
674
381
277
568
180
727
295
929
421
57
136
664
617
684
505
467
204
869
972
648
510
857
264
957
112
175
984
511
457
665
906
257
951
625
804
515
689
44
596
685
253
747
271
768
623
554
700
437
508
639
179
936
322
321
222
532
597
992
344
424
28
863
789
805
316
11
495
180
618
17
915
622
789
52
456
251
321
494
838
662
243
347
747
330
645
626
929
801
969
550
929
442
635
419
226
893
985
982
940
865
635
848
436
696
316
766
853
759
980
34
479
232
993
673
28
735
61
657
899
279
559
682
45
790
247
345
417
492
633
29
152
659
949
312
219
636
886
989
657
168
481
416
370
218
612
57
605
795
85
35
81
316
706
716
383
530
927
457
964
28
961
609
976
0
25
911
438
545
916
590
756
65
931
839
131
582
319
814
283
415
953
933
547
340
837
966
202
810
764
733
15
825
506
872
893
351
501
324
677
480
98
792
353
783
559
515
769
723
716
706
349
963
267
578
198
970
71
410
26
202
397
173
347
677
687
96
706
184
468
894
947
129
509
754
831
488
318
899
61
472
250
611
743
199
390
985
222
67
245
288
552
465
135
237
568
146
594
689
347
272
108
637
947
445
822
576
189
43
920
428
142
537
304
585
457
862
88
579
776
823
364
981
551
769
729
776
990
842
711
88
81
488
393
771
230
976
936
961
733
842
877
852
556
915
199
736
818
153
127
854
918
445
249
561
28
621
774
246
488
723
340
805
573
505
855
544
539
353
153
646
482
965
55
466
702
954
134
544
404
270
866
138
997
154
143
938
665
268
245
593
944
709
808
236
822
0
646
497
455
559
648
839
58
955
774
170
107
362
94
0
347
53
367
918
882
804
685
537
311
244
54
15
946
308
120
78
424
699
208
588
581
841
274
987
299
868
965
599
651
666
854
632
290
584
678
175
756
383
122
30
697
948
505
369
62
432
160
78
265
441
885
59
650
321
898
504
698
147
187
394
922
211
186
522
379
399
235
174
413
850
215
496
259
907
338
170
63
65
421
999
367
524
521
675
392
845
460
693
918
394
224
785
90
277
565
368
928
175
472
885
442
974
887
260
418
206
667
27
340
56
839
184
513
590
469
921
452
217
300
135
58
999
735
690
796
130
278
78
872
536
516
910
275
571
164
317
668
103
11
323
505
14
829
15
814
334
792
458
851
515
873
577
798
309
147
749
852
515
621
677
976
483
686
449
926
502
697
99
861
644
517
933
422
255
530
609
893
63
84
718
769
338
40
268
860
401
711
265
600
750
702
375
707
542
842
769
462
265
392
691
954
568
63
827
276
247
587
198
817
159
427
144
509
763
927
638
87
651
992
32
669
808
638
93
110
807
438
811
907
567
503
350
302
494
482
448
255
458
899
224
206
34
486
533
752
425
535
159
798
558
401
869
943
446
409
20
586
739
944
141
469
923
466
974
360
694
474
883
989
978
606
625
42
164
835
544
12
567
949
213
21
676
984
829
734
486
893
676
693
244
822
782
83
811
335
673
292
296
153
240
284
200
690
258
762
81
203
119
258
955
413
712
490
123
974
298
10
626
136
286
765
422
890
472
689
644
521
481
366
119
765
858
98
124
892
141
893
429
896
694
86
552
483
376
819
117
998
788
603
252
22
250
528
591
781
840
622
995
323
140
265
107
173
603
293
159
894
154
167
171
587
134
502
134
143
330
444
22
576
747
968
979
486
863
657
900
344
272
645
996
946
996
854
15
857
862
984
253
373
902
571
566
257
394
650
120
573
249
332
337
503
185
499
906
395
299
145
669
4
497
269
650
606
691
495
491
457
371
376
950
0
125
612
300
690
758
366
185
310
154
638
733
3
619
856
961
774
520
198
621
7
608
140
922
629
168
897
166
187
545
155
11
685
501
527
274
240
174
356
122
405
47
747
870
43
783
787
676
225
333
810
2
935
844
466
954
868
960
318
516
782
980
213
733
693
634
279
994
179
904
759
571
962
12
379
97
811
929
709
279
479
503
529
231
221
538
417
108
907
122
414
583
509
467
224
95
119
964
996
776
399
735
787
27
204
848
825
473
143
256
794
338
583
511
230
35
881
535
707
633
236
686
70
572
569
715
168
51
569
491
854
781
245
814
466
460
286
144
685
488
835
39
90
472
959
204
721
531
402
337
214
372
72
545
272
85
169
930
675
122
610
810
98
802
733
86
835
414
207
728
411
890
842
214
163
241
477
726
950
906
434
595
955
731
319
957
751
614
430
611
443
660
259
350
167
925
535
470
981
214
614
983
791
325
544
79
585
391
465
713
986
706
902
531
909
10
873
63
893
166
333
521
512
693
365
133
980
482
295
469
666
402
329
181
25
86
36
534
84
140
286
454
739
210
176
794
222
925
661
341
994
524
582
360
63
296
581
89
775
513
188
479
208
426
602
88
394
423
832
2
118
184
639
124
899
710
661
785
806
992
269
569
141
123
533
846
546
540
122
763
899
180
158
673
683
532
117
991
293
231
461
177
249
80
469
611
999
23
136
668
439
166
643
388
703
762
818
240
861
739
391
857
220
284
525
860
160
411
528
881
633
716
221
641
3
321
630
654
400
40
411
77
726
226
820
903
360
302
859
561
543
978
476
295
527
273
589
627
540
314
112
385
601
996
268
873
208
83
89
613
795
526
827
152
76
852
70
326
276
787
724
318
441
409
727
417
121
582
947
803
813
683
676
927
484
371
968
448
283
208
925
616
14
61
336
375
674
522
800
377
205
641
488
94
46
337
848
636
858
993
263
174
785
134
241
730
727
505
682
285
458
10
824
749
888
533
657
643
77
912
614
840
336
941
329
494
281
541
410
843
605
828
121
3
635
663
384
876
501
788
599
590
119
298
884
337
138
863
75
231
799
517
886
672
52
399
544
793
926
0
821
499
61
213
562
631
197
943
983
529
614
925
161
21
599
516
885
866
494
58
519
842
462
697
298
923
340
923
785
726
96
501
425
767
699
248
778
249
689
219
675
820
948
288
221
694
522
295
742
192
520
254
368
425
555
991
963
679
892
829
920
244
919
468
892
141
767
567
439
206
692
933
783
676
152
270
224
701
327
330
705
642
797
372
407
672
482
602
303
369
966
78
377
938
613
95
235
997
368
776
319
242
349
214
235
798
10
80
684
827
963
416
701
595
741
372
759
820
880
246
280
741
162
197
95
811
997
634
15
776
201
563
685
759
842
660
418
318
950
742
715
209
864
291
570
529
109
835
723
455
939
124
624
858
627
443
687
645
753
425
14
660
360
519
302
238
260
620
96
714
305
350
933
110
759
885
536
740
220
666
986
192
669
41
524
20
301
871
198
162
825
978
449
442
289
986
361
328
722
509
831
491
544
554
860
523
939
465
350
747
830
671
17
38
499
355
404
989
306
899
450
808
796
338
277
192
693
533
675
17
929
478
62
847
494
189
490
720
27
7
270
584
673
588
413
938
796
758
612
734
931
632
495
523
71
21
65
608
801
618
966
209
191
756
351
876
701
671
828
63
204
757
509
465
624
924
909
127
885
249
642
38
378
909
132
11
95
252
975
652
748
334
407
160
316
674
266
569
356
369
689
294
611
450
680
279
207
213
948
280
697
830
444
540
11
519
167
985
909
465
654
972
72
647
507
366
666
109
33
650
182
404
784
243
37
220
906
614
258
488
361
446
200
250
277
482
160
179
464
421
111
566
596
325
536
803
553
285
200
706
136
53
681
277
608
928
406
55
937
433
17
867
726
580
648
370
771
430
369
483
828
492
585
560
250
496
995
592
377
357
264
565
729
740
969
606
156
887
666
766
727
767
650
513
301
521
288
109
463
388
697
423
322
773
103
587
487
2
396
779
424
434
377
102
946
694
828
912
992
152
884
508
333
341
946
944
292
570
428
178
689
138
331
341
540
834
912
85
806
469
218
345
634
502
184
1
995
968
999
503
929
608
212
514
843
235
152
312
215
883
284
326
278
270
275
645
123
517
201
740
140
708
786
401
37
48
99
617
904
731
798
815
418
908
982
675
836
322
981
838
152
570
8
417
400
308
495
413
324
650
222
610
610
10
373
436
17
966
696
104
343
458
495
981
741
492
708
500
397
216
602
453
872
351
519
316
681
999
274
870
769
891
25
181
592
417
861
387
737
285
212
157
790
95
740
865
387
419
187
300
60
91
708
513
254
684
55
353
75
649
640
983
764
729
577
283
410
685
576
254
836
323
766
224
412
271
822
178
366
380
997
689
789
385
958
49
795
925
704
423
824
959
811
688
152
454
826
937
747
943
206
967
324
966
43
381
874
966
133
613
832
352
810
411
224
756
114
346
685
573
3
871
682
907
860
563
740
384
757
476
694
52
994
570
274
318
982
595
860
984
532
623
638
276
824
481
823
665
330
677
654
110
720
278
918
197
668
6
458
809
437
38
574
138
681
45
784
843
240
998
625
584
841
515
152
552
533
935
564
134
256
952
827
84
207
399
434
908
350
270
991
940
22
369
946
42
265
368
388
82
767
71
740
414
575
760
894
739
414
634
990
177
581
838
526
904
879
19
911
123
999
16
79
26
445
64
827
166
71
211
192
27
979
749
917
463
676
380
958
244
607
657
948
330
855
13
474
52
499
597
501
3
300
947
722
451
336
465
865
833
66
988
149
272
461
319
16
33
205
926
731
923
312
547
658
552
595
253
460
752
701
830
481
983
153
139
580
801
962
983
952
283
152
107
68
91
881
640
160
369
717
611
450
782
346
104
632
816
170
673
645
305
211
865
629
887
672
857
299
623
744
394
464
698
195
782
522
343
676
549
8
856
508
456
56
695
62
247
794
359
281
927
394
987
944
34
956
938
973
359
13
96
537
936
50
603
767
422
248
465
650
172
14
253
201
991
179
972
498
598
80
518
216
385
609
19
431
408
544
126
671
938
794
564
662
68
559
181
217
549
463
485
713
587
533
175
457
192
697
576
570
686
975
403
349
968
563
468
763
802
713
989
336
939
89
422
344
259
99
749
844
542
801
424
347
786
405
53
199
119
253
230
688
780
968
401
980
950
756
284
514
658
723
60
347
712
473
874
889
62
311
809
416
27
520
543
97
286
937
459
745
398
403
325
418
907
694
494
268
568
53
594
545
155
452
223
396
49
665
483
915
457
587
22
680
790
302
572
380
665
909
856
26
989
515
991
575
572
108
588
550
54
623
656
627
470
903
76
400
840
395
697
562
481
938
156
21
998
579
217
766
104
26
358
58
629
363
101
711
23
859
622
866
250
143
753
723
287
872
616
180
545
0
17
815
826
711
147
714
913
455
59
344
954
527
172
89
782
228
246
896
835
537
378
389
740
667
936
316
959
525
671
537
274
519
536
517
694
205
40
45
883
206
341
374
1
789
562
496
968
542
838
105
976
925
100
330
672
58
254
240
117
582
284
19
951
897
432
905
41
771
25
925
523
760
520
295
6
790
447
751
598
335
723
478
244
280
436
931
303
750
918
780
101
385
191
496
662
714
636
98
561
78
994
3
67
940
876
642
36
402
638
408
243
34
714
127
442
325
527
490
31
225
760
45
251
405
702
787
283
987
696
286
977
600
424
791
515
43
934
29
888
47
19
945
837
269
881
135
252
194
58
63
811
83
727
429
900
752
122
216
912
438
848
117
531
581
826
787
491
110
487
408
538
348
859
118
1
494
295
471
721
95
496
821
835
663
209
281
352
368
43
391
500
700
875
928
84
550
242
183
900
23
246
839
802
929
819
11
473
57
542
784
729
162
66
681
257
612
364
398
733
850
847
138
654
396
554
592
825
77
2
490
996
772
683
240
593
125
229
198
17
359
514
763
812
828
789
190
715
317
584
874
378
50
538
417
668
360
289
661
302
407
848
375
471
724
697
522
209
252
487
841
371
682
620
318
233
190
659
879
744
224
950
71
181
111
482
296
991
203
488
365
734
800
791
393
231
505
111
750
641
979
842
548
569
949
88
926
33
533
801
25
186
520
108
828
43
705
85
618
451
159
34
470
894
769
422
916
234
267
652
252
360
890
929
158
761
555
869
541
882
996
880
26
505
186
956
591
386
249
239
957
427
638
588
667
586
356
609
636
207
496
133
276
835
556
811
227
111
321
92
649
448
432
858
193
138
140
240
655
251
861
298
27
731
649
610
202
327
456
635
181
157
262
6
751
181
823
726
599
710
384
321
634
77
846
92
384
356
951
173
215
167
750
713
625
257
471
396
7
72
912
148
175
955
288
363
550
929
883
644
767
866
471
87
384
752
751
449
648
72
931
210
117
556
814
111
559
959
971
696
352
217
942
827
330
1
805
858
864
950
632
556
606
490
311
361
552
779
380
841
912
741
86
213
83
843
235
807
77
548
622
744
558
73
869
426
482
266
289
280
203
182
824
213
147
644
755
99
915
708
286
823
416
583
811
587
6
544
705
0
285
42
798
572
734
555
171
296
233
817
691
277
939
873
446
927
158
971
873
127
508
332
972
583
879
228
238
985
404
742
111
194
51
164
24
707
749
19
189
479
866
349
972
886
359
107
897
741
921
620
438
829
598
132
256
323
453
157
306
92
21
868
129
304
911
256
651
827
197
284
52
244
191
68
659
71
483
647
824
817
978
872
935
668
384
995
524
685
589
127
594
42
464
510
813
881
18
261
49
32
192
343
684
106
296
187
540
707
594
494
699
603
164
718
213
597
456
755
589
950
528
319
531
748
230
778
37
577
222
872
304
667
72
654
589
670
859
624
589
90
36
815
171
869
548
73
739
976
585
338
530
170
134
833
980
563
845
229
960
904
964
529
712
274
218
709
553
221
677
463
455
575
22
586
727
876
590
498
805
439
843
84
702
659
963
420
173
212
661
184
396
405
424
789
944
341
256
377
637
999
275
783
599
620
361
906
706
626
102
153
885
183
73
677
816
834
713
791
179
618
24
202
804
388
720
549
949
106
898
872
836
868
659
786
514
371
275
22
877
42
514
222
368
31
88
580
444
415
559
476
439
847
904
83
730
785
935
183
462
431
337
288
421
219
635
415
269
804
83
146
629
952
51
430
288
97
603
761
914
344
204
831
140
472
721
657
185
904
310
70
116
661
872
603
709
517
140
319
680
934
843
294
136
362
433
195
430
182
705
398
595
965
773
911
501
339
375
330
346
221
297
404
927
966
154
397
567
943
306
572
448
725
999
609
986
892
43
734
209
527
737
354
572
407
626
448
538
415
716
628
296
900
774
41
174
13
307
655
536
517
545
898
201
960
573
418
687
19
180
800
412
246
596
600
258
486
135
868
969
529
233
355
256
797
303
454
362
372
390
205
39
127
244
742
416
957
982
148
469
507
145
633
311
637
774
518
5
847
209
847
718
575
838
983
889
874
135
388
668
325
684
706
475
133
226
801
947
555
11
74
159
446
261
178
102
623
410
729
440
3
702
999
945
309
310
206
925
261
896
187
8
431
917
835
228
733
69
649
792
676
795
660
632
665
36
901
672
138
699
468
132
585
30
575
766
185
100
36
651
432
600
543
180
169
575
560
371
543
896
949
785
422
826
846
737
466
21
383
52
919
675
463
325
842
337
265
836
324
420
597
498
112
682
567
402
781
449
613
725
240
338
766
436
461
30
216
425
663
584
934
192
145
403
395
429
794
181
999
222
79
557
355
826
564
376
713
135
771
941
686
994
323
715
89
222
768
69
558
440
108
21
581
598
74
256
274
253
506
489
30
157
985
362
495
40
389
933
578
687
823
865
688
500
785
712
862
76
854
635
237
703
607
699
10
120
790
638
603
619
784
850
361
48
298
369
191
765
947
190
836
361
15
442
259
737
784
315
327
832
413
264
254
807
288
748
215
727
671
357
538
429
454
879
201
651
390
670
119
788
87
430
834
569
876
992
412
475
342
682
609
983